##TITLE= Parameter file, TOPSPIN		Version 3.2
##JCAMPDX= 5.0
##DATATYPE= Parameter Values
##NPOINTS= 16	$$ modification sequence number
##ORIGIN= Bruker BioSpin GmbH
##OWNER= Service
$$ 2015-10-29 09:35:17.255 +0000  Service@fellbarrow
$$ /home/Service/data/bdat06/eeh_20151029_1C_5mmHF_foam/3/pdata/1/clevels
$$ process /opt/topspin3.2/prog/mod/dataserver
##$LEVELS= (0..255)
-62219119.0342923 -34566177.2412735 -19203431.8007075 -10668573.2226153
-5926985.12367515 -3292769.51315286 -1829316.39619604 -1016286.88677558
1016286.88677558 1829316.39619604 3292769.51315286 5926985.12367515 10668573.2226153
19203431.8007075 34566177.2412735 62219119.0342923 0 0 0 0 0 0 0 0 0 0
0 0 0 0 0 0 0 0 0 0 0 0 0 0 0 0 0 0 0 0 0 0 0 0 0 0 0 0 0 0 0 0 0 0 0 0
0 0 0 0 0 0 0 0 0 0 0 0 0 0 0 0 0 0 0 0 0 0 0 0 0 0 0 0 0 0 0 0 0 0 0 0
0 0 0 0 0 0 0 0 0 0 0 0 0 0 0 0 0 0 0 0 0 0 0 0 0 0 0 0 0 0 0 0 0 0 0 0
0 0 0 0 0 0 0 0 0 0 0 0 0 0 0 0 0 0 0 0 0 0 0 0 0 0 0 0 0 0 0 0 0 0 0 0
0 0 0 0 0 0 0 0 0 0 0 0 0 0 0 0 0 0 0 0 0 0 0 0 0 0 0 0 0 0 0 0 0 0 0 0
0 0 0 0 0 0 0 0 0 0 0 0 0 0 0 0 0 0 0 0 0 0 0 0 0 0 0 0 0 0 0 0 0 0 0 0
0 0 0 0 0 0 0 0 0 0 0 0 0 0
##$LEVSIGN= 3
##$MAXLEV= 8
##$METHOD= 0
##$NEGBASE= -26706
##$NEGINCR= 1.8
##$POSBASE= 26706
##$POSINCR= 1.8
##END=
