97
2.5e-05 0 0
0 0 1
17039.3 1.71237e+10 17048
3.7e-05 0 0
0 0 1
17039.3 9.51282e+09 17048
5e-05 0 0
0 0 1
17039.3 4.51927e+09 17048
6.2e-05 0 0
0 0 1
17039.3 2.14446e+09 17048
7.5e-05 0 0
0 0 1
17039.3 1.05122e+09 17048
8.7e-05 0 0
0 0 1
17039.3 6.71552e+08 17048
0.0001 0 0
0 0 1
17039.3 5.66983e+08 17048
0.000113 0 0
0 0 1
17039.3 5.20312e+08 17048
0.000125 0 0
0 0 1
17039.3 5.41947e+08 17050
0.000137 0 0
0 0 1
17039.3 6.02164e+08 17048
0.00015 0 0
0 0 1
17039.3 6.89233e+08 17048
0.000162 0 0
0 0 1
17039.3 7.50038e+08 17048
0.000175 0 0
0 0 1
17039.3 7.69349e+08 17048
0.000187 0 0
0 0 1
17039.3 7.15833e+08 17048
0.0002 0 0
0 0 1
17039.3 6.30374e+08 17048
0.000212 0 0
0 0 1
17039.3 5.19969e+08 17050
0.000225 0 0
0 0 1
17039.3 4.25716e+08 17048
0.000237 0 0
0 0 1
17039.3 3.71637e+08 17052
0.00025 0 0
0 0 1
17039.4 3.38068e+08 17046
0.000262 0 0
0 0 1
17039.3 3.27464e+08 17045
0.000275 0 0
0 0 1
17039.3 3.24387e+08 17049
0.000287 0 0
0 0 1
17039.3 3.26104e+08 17046
0.0003 0 0
0 0 1
17039.3 3.27592e+08 17043
0.000312 0 0
0 0 1
17039.3 3.2901e+08 17048
0.000325 0 0
0 0 1
17039.3 3.26706e+08 17045
0.000337 0 0
0 0 1
17039.4 3.23625e+08 17049
0.00035 0 0
0 0 1
17039.4 3.20464e+08 17048
0.000362 0 0
0 0 1
17039.3 3.16483e+08 17046
0.000375 0 0
0 0 1
17039.3 3.08897e+08 17047
0.000387 0 0
0 0 1
17039.3 3.02928e+08 17049
0.0004 0 0
0 0 1
17039.3 2.97149e+08 17044
0.000425 0 0
0 0 1
17039.4 2.94896e+08 17049
-1 0 0
