97
2.5e-05 0 0
0 0 1
17039.3 3.15258e+08 17048
3.7e-05 0 0
0 0 1
17039.3 1.7265e+08 17048
5e-05 0 0
0 0 1
17039.3 8.07451e+07 17048
6.2e-05 0 0
0 0 1
17039.3 3.6533e+07 17048
7.5e-05 0 0
0 0 1
17039.3 1.59281e+07 17048
8.7e-05 0 0
0 0 1
17039.3 8.1311e+06 17048
0.0001 0 0
0 0 1
17039.3 6.95081e+06 17048
0.000113 0 0
0 0 1
17039.3 7.09204e+06 17048
0.000125 0 0
0 0 1
17039.3 7.04967e+06 17050
0.000137 0 0
0 0 1
17039.3 8.63961e+06 17048
0.00015 0 0
0 0 1
17039.3 1.04436e+07 17048
0.000162 0 0
0 0 1
17039.3 1.20788e+07 17048
0.000175 0 0
0 0 1
17039.3 1.17958e+07 17048
0.000187 0 0
0 0 1
17039.3 1.06502e+07 17048
0.0002 0 0
0 0 1
17039.3 8.2174e+06 17048
0.000212 0 0
0 0 1
17039.3 5.8976e+06 17050
0.000225 0 0
0 0 1
17039.3 3.81639e+06 17048
0.000237 0 0
0 0 1
17039.3 2.68013e+06 17052
0.00025 0 0
0 0 1
17039.4 2.07632e+06 17046
0.000262 0 0
0 0 1
17039.3 1.79725e+06 17045
0.000275 0 0
0 0 1
17039.3 1.79041e+06 17049
0.000287 0 0
0 0 1
17039.3 1.87172e+06 17046
0.0003 0 0
0 0 1
17039.3 1.96144e+06 17043
0.000312 0 0
0 0 1
17039.3 1.96662e+06 17048
0.000325 0 0
0 0 1
17039.3 1.96898e+06 17045
0.000337 0 0
0 0 1
17039.4 1.84433e+06 17049
0.00035 0 0
0 0 1
17039.4 1.68336e+06 17048
0.000362 0 0
0 0 1
17039.3 1.40128e+06 17046
0.000375 0 0
0 0 1
17039.3 1.22358e+06 17047
0.000387 0 0
0 0 1
17039.3 982828 17049
0.0004 0 0
0 0 1
17039.3 816058 17044
0.000425 0 0
0 0 1
17039.4 700384 17049
-1 0 0
