##TITLE= Parameter file, TOPSPIN		Version 3.2
##JCAMPDX= 5.0
##DATATYPE= Parameter Values
##NPOINTS= 25	$$ modification sequence number
##ORIGIN= Bruker BioSpin GmbH
##OWNER= Service
$$ 2016-06-21 14:57:09.627 +0100  CHEMISTRY\flph74@Graystones
$$ V:/Backup/Avance/bdat07/eeh_20160324_1_4mmHXG_50umBeads/103/pdata/1/clevels
$$ process C:\Bruker\TopSpin3.2\prog\mod\dataserver.exe
##$LEVELS= (0..255)
-0.30571607565449 -0.169842264252495 -0.0943568134736086 -0.0524204519297822
-0.0291224732943238 -0.0161791518301799 -0.00898841768343322 -0.00499356537968512
0.00499356537968512 0.00898841768343322 0.0161791518301799 0.0291224732943238
0.0524204519297822 0.0943568134736086 0.169842264252495 0.30571607565449
0 0 0 0 0 0 0 0 0 0 0 0 0 0 0 0 0 0 0 0 0 0 0 0 0 0 0 0 0 0 0 0 0 0 0 0
0 0 0 0 0 0 0 0 0 0 0 0 0 0 0 0 0 0 0 0 0 0 0 0 0 0 0 0 0 0 0 0 0 0 0 0
0 0 0 0 0 0 0 0 0 0 0 0 0 0 0 0 0 0 0 0 0 0 0 0 0 0 0 0 0 0 0 0 0 0 0 0
0 0 0 0 0 0 0 0 0 0 0 0 0 0 0 0 0 0 0 0 0 0 0 0 0 0 0 0 0 0 0 0 0 0 0 0
0 0 0 0 0 0 0 0 0 0 0 0 0 0 0 0 0 0 0 0 0 0 0 0 0 0 0 0 0 0 0 0 0 0 0 0
0 0 0 0 0 0 0 0 0 0 0 0 0 0 0 0 0 0 0 0 0 0 0 0 0 0 0 0 0 0 0 0 0 0 0 0
0 0 0 0 0 0 0 0 0 0 0 0 0 0 0 0 0 0 0 0 0 0 0 0
##$LEVSIGN= 3
##$MAXLEV= 8
##$METHOD= 0
##$NEGBASE= -83778.124992
##$NEGINCR= 1.8
##$POSBASE= 83778.124992
##$POSINCR= 1.8
##END=
